||010|37130800001|||10000|95|||||20141014||424453624085||||||||||||||||
||010|39100800001|||10000|95|||||20141014||424453624085||||||||||||||||
||011|39100800001|||10000|95|||||20141014||424453624085||||||||||||||||
||011|10110300001|||10000|95|||||20141014||424453624085||||||||||||||||
||010|37130800001|||20000|95|||||20141014||424454754089||||||||||||||||
||010|39100800001|||20000|95|||||20141014||424454754089||||||||||||||||
||011|39100800001|||20000|95|||||20141014||424454754089||||||||||||||||
||011|10110300002|||20000|95|||||20141014||424454754089||||||||||||||||
||010|37130800001|||8000|95|||||20141014||424455749093||||||||||||||||
||010|39100800001|||8000|95|||||20141014||424455749093||||||||||||||||
||011|39100800001|||8000|95|||||20141014||424455749093||||||||||||||||
||011|10110300001|||8000|95|||||20141014||424455749093||||||||||||||||
||010|37130800001|||100000|95|||||20141014||424471587050||||||||||||||||
||010|39100800001|||100000|95|||||20141014||424471587050||||||||||||||||
||011|39100800001|||100000|95|||||20141014||424471587050||||||||||||||||
||011|10110300001|||100000|95|||||20141014||424471587050||||||||||||||||
||011|10011541051|||100000|95|||||20141014||424472369053||||||||||||||||
||011|39100800001|||100000|95|||||20141014||424472369053||||||||||||||||
||011|39100800001|||100000|95|||||20141014||424472369053||||||||||||||||
||011|10110300001|||100000|95|||||20141014||424472369053||||||||||||||||
||010|37130800001|||20000|95|||||20141014||424481784073||||||||||||||||
||010|39100800001|||20000|95|||||20141014||424481784073||||||||||||||||
||011|39100800001|||20000|95|||||20141014||424481784073||||||||||||||||
||011|10110300001|||20000|95|||||20141014||424481784073||||||||||||||||
||011|10011597011|||200000|95|||||20141014||424587739052||||||||||||||||
||011|39100800001|||200000|95|||||20141014||424587739052||||||||||||||||
||011|39100800001|||200000|95|||||20141014||424587739052||||||||||||||||
||011|10110300001|||200000|95|||||20141014||424587739052||||||||||||||||
||011|10110300001|||200000|95|||||20141014||424587739052||||||||||||||||
